                                                      
Run Start Time: 11:54:54     Run Start Date: 10-30-2021

******************************************************************************
**************************************************************


                  TQCM DATA

Time       Frequency     Temperature    Delta Freq/Hr   Delta Freq/Hr/Hr
(Min)         (Hz)          (C)

1            3528           20.2               0      0
2            3535           20.2               0      0
3            3548           20.2               0      0
4            3610           -7.0               0      0
5            3848           -20.2               0      0
6            4180           -20.2               0      0
7            4561           -20.2               0      0
8            4988           -20.2               0      0
9            5461           -20.2               0      0
10            5968           -20.2               0      0
11            6502           -20.2               0      0
12            7055           -20.2               0      0
13            7627           -20.2               0      0
14            8234           -20.2               0      0
15            8852           -20.2               0      0
16            9474           -20.2               0      0
17            10104           -20.2               0      0
18            10746           -20.2               0      0
19            11490           -20.2               0      0
20            12561           -20.2               0      0
21            13668           -20.2               0      0
22            14727           -20.2               0      0
23            15732           -20.2               0      0
24            16710           -20.2               0      0
25            17683           -20.2               0      0
26            18662           -20.2               0      0
27            19637           -20.2               0      0
28            20592           -20.2               0      0
29            21521           -20.2               0      0
30            22424           -20.2               0      0
31            23309           -20.2               0      0
32            24177           -20.2               0      0
33            25058           -20.2               0      0
34            25917           -20.2               0      0
35            26755           -20.2               0      0
36            27571           -20.2               0      0
37            28374           -20.2               0      0
38            29155           -20.2               0      0
39            29931           -20.2               0      0
40            0           -20.2               0      0
41            0           -20.2               0      0
42            0           -19.8               0      0
43            0           -15.9               0      0
44            0           19.8               0      0
45            0           49.8               0      0
46            0           69.6               0      0
47            5640           80.1               0      0
48            4366           80.1               0      0
49            3910           80.1               0      0
50            3713           80.1               0      0
51            3673           43.5               0      0
52            3721           8.9               0      0
53            3989           -12.8               0      0
54            4498           -19.8               0      0
55            5086           -20.2               0      0
56            5710           -19.8               0      0
57            6324           -19.8               0      0
58            6934           -19.8               0      0
59            7548           -19.8               0      0
60            8166           -19.8               0      0
61            8783           -19.8               5255      0
62            9400           -19.8               5865      0
63            10014           -19.8               6466      0
64            10626           -19.8               7016      0
65            11233           -18.3               7385      0
66            11767           -15.5               7587      0
67            12144           -12.4               7583      0
68            12365           -9.7               7377      0
69            12457           -6.6               6996      0
70            12437           -3.5               6469      0
71            12320           -0.8               5818      0
72            12134           2.3               5079      0
73            11908           5.4               4281      0
74            11670           8.2               3436      0
75            11441           11.3               2589      0
76            2303           14.0               -7171      0
77            11128           17.1               1024      0
78            11023           20.2               277      0
79            10927           22.9               -563      0
80            10816           26.0               -1745      0
81            10658           28.8               -3010      0
82            10424           31.9               -4303      0
83            10096           34.6               -5636      0
84            9655           38.1               -7055      0
85            9086           40.8               -8597      0
86            8408           43.9               -10254      0
87            7666           47.0               -11971      0
88            6940           50.1               -13652      0
89            6276           53.2               -15245      0
90            5689           56.4               -16735      0
91            5193           59.1               -18116      0
92            4813           61.8               -19364      0
93            4501           64.9               -20557      0
94            4245           68.0               -21672      0
95            4044           71.1               -22711      0
96            3889           74.2               -23682      0
97            3777           77.3               -24597      0
98            3693           80.1               -25462      0
99            3641           80.1               -26290      0
100            3604           80.1               3604      0
101            3576           80.1               3576      0
102            3558           80.1               3558      0
103            3547           80.1               3547      0
104            3536           80.1               3536      0
105            3526           80.1               3526      0
106            3518           80.1               3518      0
107            3511           80.1               -2129      0
108            3506           80.1               -860      0
109            3516           70.3               -394      0
110            3543           62.2               -170      0
111            3563           56.0               -110      0
112            3578           51.3               -143      0
113            3587           47.4               -402      0
114            3588           44.3               -910      0
115            3593           42.0               -1493      0
116            3597           40.0               -2113      0
117            3602           38.5               -2722      0
118            3610           37.3               -3324      0
119            3621           36.1               -3927      0
120            3633           35.4               -4533      0
121            3656           34.6               -5127      -10382
122            3655           33.8               -5745      -11610
123            3615           32.6               -6399      -12865
124            3611           31.9               -7015      -14031
125            3598           4.7               -7635      -15020
126            3736           -15.2               -8031      -15618
127            4027           -19.8               -8117      -15700
128            4308           -20.2               -8057      -15434
129            4570           -20.6               -7887      -14883
130            4828           -20.2               -7609      -14078
131            5086           -20.2               -7234      -13052
132            5354           -20.2               -6780      -11859
133            5630           -20.2               -6278      -10559
134            5916           -20.2               -5754      -9190
135            6213           -20.2               -5228      -7817
136            6529           -20.2               4226      11397
137            7022           -20.2               -4106      -5130
138            7579           -20.2               -3444      -3721
139            8132           -20.2               -2795      -2232
140            8672           -20.2               -2144      -399
141            9208           -20.2               -1450      1560
142            9738           -20.2               -686      3617
143            10267           -20.2               171      5807
144            10800           -20.2               1145      8200
145            11336           -20.2               2250      10847
146            11865           -20.2               3457      13711
147            12389           -20.2               4723      16694
148            12907           -20.2               5967      19619
149            13422           -20.2               7146      22391
150            13932           -20.2               8243      24978
151            14435           -19.0               9242      27358
152            14868           -15.9               10055      29419
153            15161           -13.2               10660      31217
154            15303           -10.1               11058      32730
155            15312           -7.4               11268      33979
156            15193           -4.3               11304      34986
157            14951           -1.2               11174      35771
158            14612           1.9               10919      36381
159            14205           4.7               10564      36854
160            13759           7.8               10155      6551
161            13301           10.5               9725      6149
162            12875           13.6               9317      5759
163            12493           16.7               8946      5399
164            12162           19.4               8626      5090
165            11864           22.5               8338      4812
166            11580           25.3               8062      4544
167            11274           28.8               7763      9892
168            10924           31.9               7418      8278
169            10512           34.2               6996      7390
170            10025           37.3               6482      6652
171            9446           40.0               5883      5993
172            8759           43.1               5181      5324
173            8010           46.3               4423      4825
174            7267           49.4               3679      4589
175            6585           52.5               2992      4485
176            5947           55.6               2350      4463
177            5383           58.3               1781      4503
178            4921           61.0               1311      4635
179            4560           64.5               939      4866
180            4247           67.2               614      5147
181            4004           70.3               348      5475
182            3830           73.1               175      5920
183            3716           77.0               101      6500
184            3643           79.7               32      7047
185            3599           79.7               1      7636
186            3577           79.7               -159      7872
187            3566           79.7               -461      7656
188            3560           79.7               -748      7309
189            3556           79.7               -1014      6873
190            3554           79.7               -1274      6335
191            3559           79.7               -1527      5707
192            3561           79.7               -1793      4987
193            3561           79.7               -2069      4209
194            3563           79.7               -2353      3401
195            3572           70.0               -2641      2587
196            3592           61.4               -2937      -7163
197            3603           54.8               -3419      687
198            3608           49.8               -3971      -527
199            3605           45.9               -4527      -1732
200            3600           42.8               -5072      -2928
201            3595           40.4               -5613      -4163
202            3592           38.5               -6146      -5460
203            3591           36.9               -6676      -6847
204            3590           35.8               -7210      -8355
205            3590           35.0               -7746      -9996
206            3591           34.2               -8274      -11731
207            3593           33.4               -8796      -13519
208            3595           33.0               -9312      -15279
209            3597           32.6               -9825      -16971
210            3600           31.9               -10332      -18575
211            3603           31.9               -10832      -20074
212            3607           31.5               -11261      -21316
213            3611           31.1               -11550      -22210
214            3690           22.2               -11613      -22671
215            3714           -6.2               -11598      -22866
216            3766           -18.7               -11427      -22731
217            3894           -19.8               -11057      -22231
218            4049           -19.8               -10563      -21482
219            4202           -19.8               -10003      -20567
220            4349           -20.2               -9410      -19565
221            4492           -20.2               -8809      -18534
222            4651           -20.2               -8224      -17541
223            4949           -20.2               -7544      -16490
224            5331           -20.2               -6831      -15457
225            5707           -20.2               -6157      -14495
226            6056           -20.2               -5524      -13586
227            6395           -20.2               -4879      -12642
228            6723           -20.2               -4201      -11619
229            7047           -20.2               -3465      -10461
230            7364           -20.2               -2661      -9143
231            20991           -20.2               11545      5662
232            7990           -20.2               -769      -5950
233            8299           -20.2               289      -4134
234            8604           -20.2               1337      -2342
235            8908           -20.2               2323      -669
236            9209           -20.2               3262      912
237            9507           -20.2               4124      2343
238            9804           -20.2               4883      3572
239            10098           -20.2               5538      4599
240            10388           -20.2               6141      5527
241            10680           -20.2               6676      6328
242            10968           -20.2               7138      6963
243            11251           -20.2               7535      7434
244            11530           -20.2               7887      7855
245            11806           -20.2               8207      8206
246            12080           -20.2               8503      8662
247            12350           -20.2               8784      9245
248            12617           -20.2               9057      9805
249            12882           -20.2               9326      10340
250            13144           -20.2               9590      10864
251            13405           -20.2               9846      11373
252            13664           -20.2               10103      11896
253            13921           -20.2               10360      12429
254            14179           -20.2               10616      12969
255            14433           -20.2               10861      13502
256            14686           -20.2               11094      14031
257            14936           -19.4               11333      14752
258            15146           -16.7               11538      15509
259            15237           -13.6               11632      16159
260            15152           -10.5               11552      16624
261            14958           -7.8               11363      16976
262            14611           -4.7               11019      17165
263            14117           -1.9               10526      17202
264            13485           1.2               9895      17105
265            12755           4.3               9165      16911
266            11954           7.4               8363      16637
267            11113           10.1               7520      16316
268            10282           13.2               6687      15999
269            9510           15.9               5913      15738
270            8839           19.0               5239      15571
271            8286           21.8               4683      15515
272            7825           24.9               4218      15479
273            7400           28.0               3789      15339
274            6963           31.1               3273      14886
275            6484           33.8               2770      14368
276            5947           36.9               2181      13608
277            5367           40.0               1473      12530
278            4823           42.8               774      11337
279            4421           45.9               219      10222
280            4132           49.0               -217      9193
281            3931           52.1               -561      8248
282            3800           55.2               -851      7373
283            3714           57.9               -1235      6309
284            3659           61.0               -1672      5159
285            3628           63.7               -2079      4078
286            3610           66.9               -2446      3078
287            3593           70.0               -2802      2077
288            3581           72.7               -3142      1059
289            3564           76.2               -3483      -18
290            3547           78.5               -3817      -1156
291            3531           79.7               -17460      -29005
292            3524           72.3               -4466      -3697
293            3543           63.7               -4756      -5045
294            3556           56.7               -5048      -6385
295            3569           51.7               -5339      -7662
296            3573           47.4               -5636      -8898
297            3570           44.3               -5937      -10061
298            3563           41.6               -6241      -11124
299            3555           39.6               -6543      -12081
300            3548           38.1               -6840      -12981
301            3541           36.5               -7139      -13815
302            3535           35.4               -7433      -14571
303            3529           34.6               -7722      -15257
304            3526           33.8               -8004      -15891
305            3523           33.4               -8283      -16490
306            3519           33.0               -8561      -17064
307            3517           32.6               -8833      -17617
308            3515           32.3               -9102      -18159
309            3514           31.9               -9368      -18694
310            3513           31.5               -9631      -19221
311            3512           31.5               -9893      -19739
312            3511           31.1               -10153      -20256
313            3509           21.8               -10412      -20772
314            3491           -7.4               -10688      -21304
315            3614           -19.8               -10819      -21680
316            3821           -20.2               -10865      -21959
317            4046           -20.6               -10890      -22223
318            4272           -19.8               -10874      -22412
319            4497           -20.2               -10740      -22372
320            4725           -20.2               -10427      -21979
321            4955           -19.8               -10003      -21366
322            5185           -19.8               -9426      -20445
323            5417           -19.8               -8700      -19226
324            5649           -20.2               -7836      -17731
325            5880           -19.8               -6875      -16040
326            6110           -20.2               -5844      -14207
327            6341           -20.2               -4772      -12292
328            6570           -19.8               -3712      -10399
329            6799           -19.8               -2711      -8624
330            7027           -20.2               -1812      -7051
331            7253           -19.0               -1033      -5716
332            7458           -16.3               -367      -4585
333            7600           -13.2               200      -3589
334            7669           -10.1               706      -2567
335            7660           -7.0               1176      -1594
336            7578           -4.3               1631      -550
337            7427           -1.2               2060      587
338            7215           1.9               2392      1618
339            6953           4.7               2532      2313
340            6657           7.8               2525      2742
341            6346           10.5               2415      2976
342            6062           13.6               2262      3113
343            5812           16.3               2098      3333
344            5589           19.8               1930      3602
345            5370           22.5               1742      3821
346            5131           25.7               1521      3967
347            4856           28.4               1263      4065
348            4548           31.9               967      4109
349            4207           34.2               643      4126
350            3904           37.3               357      4174
351            3722           40.4               191      17651
352            3632           43.1               108      4574
353            3595           46.6               52      4808
354            3584           49.4               28      5076
355            3582           52.9               13      5352
356            3587           55.6               14      5650
357            3586           58.7               16      5953
358            3586           61.4               23      6264
359            3585           64.5               30      6573
360            3581           67.6               33      6873
361            3575           70.3               34      7173
362            3564           73.8               29      7462
363            3564           67.2               35      7757
364            3647           54.8               121      8125
365            3621           47.0               98      8381
366            3580           41.6               61      8622
367            3545           38.1               28      8861
368            3525           35.4               10      9112
369            3512           33.8               -2      9366
370            3509           21.0               -4      9627
371            3462           -4.7               -50      9843
372            3477           -17.9               -34      10119
373            3532           -20.2               23      10435
374            3594           -19.8               103      10791
375            3661           -19.8               47      10866
376            3731           -19.8               -90      10775
377            3808           -19.8               -238      10652
378            3890           -20.2               -382      10492
379            3978           -20.2               -519      10221
380            4070           -20.2               -655      9772
381            4167           -20.2               -788      9215
382            4268           -20.2               -917      8509
383            4373           -20.2               -1044      7656
384            4533           -20.2               -1116      6720
385            4814           -20.2               -1066      5809
386            5107           -20.2               -1003      4841
387            5393           -20.2               -948      3824
388            5671           -20.2               -899      2813
389            5944           -20.2               -855      1856
390            6215           -20.2               -812      1000
391            6484           -20.2               -769      264
392            6752           -20.2               -706      -339
393            7019           -20.2               -581      -781
394            7285           -20.2               -384      -1090
395            7548           -20.2               -112      -1288
396            7812           -20.2               234      -1397
397            8075           -20.2               648      -1412
398            8337           -20.2               1122      -1270
399            8598           -20.2               1645      -887
400            8859           -20.2               2202      -323
401            9117           -20.2               2771      356
402            9376           -20.2               3314      1052
403            9633           -20.2               3821      1723
404            9890           -20.2               4301      2371
405            10146           -20.2               4776      3034
406            10400           -19.0               5269      3748
407            10597           -16.3               5741      4478
408            10681           -13.2               6133      5166
409            10642           -10.5               6435      5792
410            10506           -7.4               6602      6245
411            10281           -4.3               6559      6368
412            9975           -1.6               6343      6235
413            9595           1.6               6000      5948
414            9162           4.7               5578      5550
415            8690           7.4               5108      5095
416            8197           10.5               4610      4596
417            7727           13.2               4141      4125
418            7302           16.3               3716      3693
419            6927           19.4               3342      3312
420            6582           22.2               3001      2968
421            6242           25.3               2667      2633
422            5879           28.4               2315      2286
423            5485           31.5               1921      1886
424            5053           34.2               1406      1285
425            4593           37.3               972      874
426            4190           40.0               610      549
427            3920           43.1               375      347
428            3749           46.3               224      214
429            3666           49.4               154      156
430            3631           52.5               122      126
431            3616           55.6               154      204
432            3604           74.6               127      161
433            3559           79.7               27      4
434            3531           79.7               -63      -166
